1.1 5200
1.2 10000
1.3 280
1.4 217
1.5 221
2.1 5175
2.2 9942
2.3 960
2.4 290
2.5 219
3.1 5197
3.2 10000
3.3 270
3.4 217
3.5 214
4.1 5124
4.2 10000
4.3 290
4.4 281
4.5 207
5.1 5193
5.2 10000
5.3 210
5.4 261
5.5 225
6.1 5065
6.2 9940
6.3 26
6.4 205
7.1 5167
7.2 9797
7.3 280
7.4 230
7.5 210
8.1 5211
8.4 208
8.5 239
9.1 5186
9.3 290
9.4 189
9.5 207
10.1 5175
10.2 9993
10.3 240
10.4 242
10.5 227
11.1 5174
11.2 10000
11.3 380
11.4 203
11.5 212
12.1 5098
12.2 10000
12.3 250
12.5 233
13.1 5206
13.2 10000
13.3 6
13.4 281
13.5 223
14.1 5203
14.2 10000
14.3 340
14.4 276
14.5 229
15.1 5179
15.2 9965
15.3 210
15.4 245
15.5 211
16.1 5129
16.2 9989
16.3 190
16.4 213
16.5 215
17.1 5146
17.3 230
17.4 242
17.5 232
18.1 5100
18.3 250
18.4 217
18.5 216
19.1 5146
19.2 9991
19.3 180
19.4 194
19.5 223
20.1 5139
20.2 9900
20.4 249
20.5 227
21.1 5230
21.2 9700
21.3 290
21.4 211
21.5 190
22.1 5204
22.2 10000
22.3 400
22.4 215
22.5 211
23.1 5269
23.2 10000
23.3 170
23.4 184
23.5 194
24.1 5193
24.3 200
24.4 218
24.5 228
25.1 5025
25.2 9900
25.3 250
25.4 303
25.5 218
26.1 5197
26.2 10000
26.3 220
26.4 230
26.5 217
27.1 4977
27.2 10000
27.3 82
27.4 238
27.5 217
28.1 5155
28.2 10000
28.3 370
28.4 273
28.5 204
29.1 5273
29.3 66
29.4 212
29.5 215
30.1 5093
30.2 10000
30.4 254
30.5 216
31.1 5031
31.2 9960
31.3 130
32.2 10000
32.4 125
33.1 4939
33.2 9787
33.3 11
33.4 269
34.1 4969
34.2 9728
34.3 172
35.1 5089
35.2 10000
35.3 137
35.4 332
36.1 4990
36.2 9700
36.3 117
36.4 274
37.1 5167
37.2 9998
37.3 142
37.4 290
38.1 5038
38.2 10000
38.3 82
38.4 328
39.1 5060
39.2 9900
39.3 19
39.4 291
40.1 5042
40.2 9920
40.3 82
40.4 279
41.1 5080
41.2 10000
41.4 321
42.1 5060
42.2 10000
42.3 12
43.1 4970
43.2 9700
43.3 230
43.4 275
44.1 4976
44.2 9800
44.3 129
45.1 5002
45.2 9900
45.3 57
46.1 4997
46.2 9900
46.3 123
46.4 260
47.1 5073
47.2 10000
47.3 14
48.1 5020
48.2 8100
48.3 80
49.1 4990
49.2 10000
49.3 28
49.4 325
49.5 214
50.1 5080
50.2 10000
50.3 45
51.1 5045
51.2 10000
51.3 41
52.1 5099
52.2 10000
52.3 420
52.4 211
52.5 222
53.1 5175
53.2 10000
53.3 210
53.4 229
53.5 222
54.1 5100
54.2 10000
54.3 29
54.4 250
54.5 222
55.1 5176
55.3 70
55.4 155
55.5 215
56.1 5025
56.2 10000
56.3 78
57.1 5070
57.3 6
58.1 5010
58.2 9900
58.3 104
59.1 4990
59.2 9990
59.3 120
60.1 4990
60.3 33
61.1 5239
61.3 200
61.4 204
61.5 231
62.1 5037
62.2 9970
62.3 88
63.1 5040
63.2 10000
63.3 59
64.1 5020
64.2 10000
64.3 15
64.4 308
65.1 5024
65.2 10000
65.3 21
66.1 5240
66.3 60
66.4 230
67.1 4968
67.2 9900
67.3 175
68.1 5008
68.2 9999
68.3 42
69.1 5140
69.2 10000
69.3 150
69.4 256
69.5 225
70.1 5010
70.2 9885
71.2 10000
71.4 320
72.1 5025
72.2 9770
72.3 105
72.4 247
73.1 5013
73.2 9982
73.3 9
74.1 4980
74.2 10000
74.3 77
74.4 267
74.5 209
75.1 5148
75.2 9998
75.3 240
75.4 222
75.5 225
76.1 5050
76.2 9980
76.3 105
76.4 244
77.1 5073
77.2 10000
77.3 4
77.5 230
78.1 5048
78.2 9894
78.3 28
79.1 5038
79.2 10000
79.3 29
80.1 4993
80.2 9930
80.3 74
81.1 5163
81.2 10000
81.3 400
81.4 208
81.5 224
82.1 5000
82.2 10000
82.3 37
82.4 236
82.5 221
83.1 5162
83.2 10000
83.3 190
83.4 268
83.5 214
84.1 5244
84.2 10000
84.3 130
84.4 109
84.5 218
85.1 5022
85.2 10000
85.3 35
86.1 4980
86.2 9400
86.3 52
87.1 5000
87.2 9800
87.3 15
87.4 320
